11000000001100000000
11000000001100000000
00000000000000000000
00000000010000000000
00000000011000000000
00000000000000110000
00000000000000100000
00000000011000000000
00000000111100000000
00000000000100000000
01111000000000000000
10001000000000000000
00001000111000000100
10010000000000000000
00000000000000000000
00000000000100000000
00000000000011100000
00000011000000011000
00000001110000000000
00000000000000000000
11000000001100000000
11000000001100000000
00000000000000000000
00000000010000000000
00000000011000000000
00000000000000110000
00000000000000100000
00000000011000000000
00000000111100000000
00000000000100000000
01111000000000000000
10001000000000000000
00001000111000000100
10010000000000000000
00000000000000000000
00000000000100000000
00000000000011100000
00000011000000011000
00000001110000000000
00000000000000000000